catchment	stream	width_m	cover_site	mud	sand	gravel	pebble	cobble	boulders	vel	depth_cm	temp	pH	cond	turb	do_mg	do_porc	salinity	nitro	phos	lat	lon
1	1	4.033333333	56.66666667	0	21.66666667	18.33333333	31.66666667	28.33333333	0	0.244444444	14.55555556	16.82333333	6.07	0.020333333	18.83333333	8.93	94.96666667	0	0.073333333	11.49	-24.075335	-48.062852
1	2	9.933333333	88.33333333	0	20	23.33333333	28.33333333	18.33333333	10	0.144444444	10	17.76333333	6.073333333	0.027	9.866666667	9.046666667	98	0	0.073333333	12.59333333	-24.087662	-48.082077
1	3	4.033333333	60	0	3.333333333	6.666666667	23.33333333	43.33333333	23.33333333	0.311111111	12.44444444	17.55	5.986666667	0.023333333	0	9.066666667	97.83333333	0	0.156666667	11.35333333	-24.094038	-48.071756
1	4	1.833333333	95	0	16.66666667	13.33333333	20	50	0	0.155555556	10.77777778	17.18333333	6.163333333	0.026	2.166666667	9.036666667	96.86666667	0	0.123333333	10.14333333	-24.087853	-48.078939
1	5	2.033333333	73.33333333	0	6.666666667	13.33333333	23.33333333	36.66666667	20	0.177777778	11	18.55	6.15	0.030333333	14.5	8.03	88.36666667	0	0.146666667	12.27333333	-24.074526	-48.061205
2	1	3.433333333	90	0	8.333333333	13.33333333	21.66666667	16.66666667	40	0.311111111	16.55555556	15.57333333	6.396666667	0.027	7.133333333	9.086666667	94.23333333	0	0.153333333	9.966666667	-24.088902	-47.993792
2	2	7.8	66.66666667	0	3.333333333	13.33333333	28.33333333	40	15	0.244444444	16.11111111	15.32666667	6.19	0.029666667	2.866666667	8.796666667	90.73333333	0	0.086666667	7.336666667	-24.108266	-47.98533
2	3	1.8	93.33333333	0	15	18.33333333	38.33333333	25	3.333333333	0.188888889	11.88888889	17.11666667	6.443333333	0.042666667	2.3	9.453333333	101.1	0	0.093333333	11.61666667	-24.078599	-47.97641
2	4	2.8	90	0	5	6.666666667	31.66666667	33.33333333	23.33333333	0.233333333	10.11111111	16.45333333	6.48	0.025333333	4.066666667	9.11	96.13333333	0	0.086666667	8.08	-24.07531313	-47.97893729
2	5	2.233333333	88.33333333	0	10	13.33333333	26.66666667	40	10	0.288888889	6	16.93	6.596666667	0.036	4.4	8.506666667	90.63333333	0	0.136666667	12.60333333	-24.069941	-47.98731
3	1	1.806666667	60	0	21.66666667	13.33333333	28.33333333	30	6.666666667	0.155555556	11.88888889	17.01666667	6.53	0.029	8.8	8.59	91.7	0	0.086666667	15.38	-24.041532	-47.968373
3	2	1.94	61.66666667	0	3.333333333	3.333333333	8.333333333	31.66666667	53.33333333	0.144444444	14.22222222	15.81666667	6.59	0.034	7.7	8.013333333	83.5	0	0.086666667	8.866666667	-24.048014	-47.974637
3	3	1.743333333	75	0	5	3.333333333	10	35	46.66666667	0.155555556	8.666666667	16.96666667	6.356666667	0.045	6.633333333	7.773333333	82.93333333	0	0.12	12.43	-24.017742	-47.98544
3	4	1.933333333	50	0	58.33333333	10	21.66666667	10	0	0.2	9.111111111	18.2	6.633333333	0.044666667	2.966666667	8.063333333	88.16666667	0	0.07	18.27666667	-24.019063	-48.007566
3	5	3.1	63.33333333	0	1.666666667	8.333333333	18.33333333	41.66666667	30	0.311111111	15.11111111	17.99333333	6.456666667	0.034	5	8.253333333	89.8	0	0.066666667	13.91	-24.016062	-48.004492
4	1	1.9	66.66666667	0	15	11.66666667	21.66666667	45	6.666666667	0.155555556	8	16.33666667	6.52	0.021333333	0.966666667	9.013333333	94.9	0	0.106666667	1.833333333	-24.107491	-48.161372
4	2	1.82	66.66666667	10	5	6.666666667	16.66666667	35	6.666666667	0.166666667	6.666666667	17.30666667	6.326666667	0.028	4.8	8.006666667	85.93333333	0	0.086666667	6.11	-24.111792	-48.153129
4	3	1.506666667	66.66666667	0	0	18.33333333	33.33333333	33.33333333	15	0.166666667	7.111111111	18.68333333	5.933333333	0.026666667	0	6.56	72.3	0	0.07	4.413333333	-24.111007	-48.165339
4	4	2.233333333	85	0	1.666666667	10	16.66666667	53.33333333	18.33333333	0.233333333	12.11111111	15.81333333	6.39	0.038666667	12.86666667	8.476666667	88.3	0	0.113333333	11.31	-24.087884	-48.128648
4	5	1.973333333	93.33333333	0	0	8.333333333	16.66666667	71.66666667	3.333333333	0.166666667	10.77777778	15.52333333	6.29	0.039	23.93333333	8.933333333	92.5	0	0.123333333	20.67	-24.087938	-48.129985
5	1	2.15	83.33333333	0	25	20	20	35	0	0.166666667	19.44444444	17.38	5.78	0.029	14.23333333	8.706666667	93.63333333	0	0.146666667	10.03333333	-23.941497	-47.852166
5	2	1.743333333	75	0	5	5	13.33333333	30	46.66666667	0.133333333	6.777777778	18.13333333	5.69	0.03	3.533333333	6.873333333	75.03333333	0	0.08	4.833333333	-23.941152	-47.85173
5	3	1.65	81.66666667	0	1.666666667	3.333333333	10	50	35	0.177777778	10.33333333	15.77333333	6.33	0.053333333	23.33333333	9.39	97.76666667	0	0.193333333	48.60333333	-23.879466	-47.814084
5	4	1.5	76.66666667	0	40	8.333333333	11.66666667	40	0	0.244444444	6.333333333	16.4	6.696666667	0.06	15.06666667	7.66	80.76666667	0	0.07	26.26	-23.884895	-47.817769
5	5	2.166666667	75	0	3.333333333	6.666666667	20	53.33333333	16.66666667	0.277777778	9.333333333	16.1	6.68	0.029666667	0.266666667	8.366666667	87.66666667	0	0.046666667	3.243333333	-23.908221	-47.8303
6	1	1.75	76.66666667	0	48.33333333	5	6.666666667	40	0	0.166666667	28.33333333	18.52333333	6.12	0.027333333	1.8	8.036666667	88.3	0	0.06	7.593333333	-23.967484	-47.830708
6	2	1.866666667	48.33333333	0	13.33333333	10	13.33333333	41.66666667	21.66666667	0.4	16.77777778	18.09	6.153333333	0.018333333	0	9.12	99.46666667	0	0.07	5.59	-23.968485	-47.830189
6	3	2.4	76.66666667	0	13.33333333	16.66666667	18.33333333	28.33333333	23.33333333	0.155555556	24.66666667	17.61	6.23	0.026	2.933333333	8.56	92.43333333	0	0.086666667	7.58	-23.97536962	-47.81572819
6	4	2.666666667	38.33333333	0	10.66666667	6	21.66666667	40	21.66666667	0.2	22.88888889	17.57666667	6.07	0.022333333	1.933333333	7.69	83.03333333	0	0.066666667	4.546666667	-23.972503	-47.821837
6	5	1.7	53.33333333	0	11.66666667	10	21.66666667	40	16.66666667	0.222222222	14.11111111	17.35666667	6.216666667	0.039	17	7.863333333	84.56666667	0	0.08	4.383333333	-23.989518	-47.845017
7	1	1.84	55	0	30	13.33333333	16.66666667	40	0	0.211111111	11.55555556	17.21666667	6.273333333	0.043	0	9.3	99.7	0	0.093333333	3.433333333	-24.077349	-48.190734
7	2	1.833333333	73.33333333	0	13.33333333	11.66666667	23.33333333	45	6.666666667	0.133333333	4	17.34333333	6.793333333	0.05	6.4	6.883333333	74	0	0.106666667	15.79	-24.073475	-48.176038
7	3	1.833333333	81.66666667	0	30	11.66666667	26.66666667	31.66666667	0	0.177777778	4.222222222	18.99	6.79	0.048666667	6.166666667	8.013333333	88.86666667	0	0.116666667	13.69333333	-24.076043	-48.183311
7	4	2.873333333	61.66666667	0	15	10	21.66666667	38.33333333	15	0.211111111	10.77777778	20.32333333	6.723333333	0.027333333	21.43333333	8.503333333	96.73333333	0	0.11	18.85666667	-24.064133	-48.189048
7	5	2.276666667	90	0	21.66666667	13.33333333	21.66666667	31.66666667	11.66666667	0.188888889	8.333333333	21.93333333	6.546666667	0.030666667	27.1	6.976666667	81.66666667	0	0.123333333	5.516666667	-24.077289	-48.212135
8	1	2.266666667	86.66666667	2.777777778	38.33333333	2.333333333	2.666666667	21.66666667	26.66666667	0.1	19.33333333	17.68666667	6.523333333	0.041333333	5.533333333	8.686666667	93.93333333	0	0.113333333	11.19666667	-24.000595	-48.1064
8	2	1.2	46.66666667	22.22222222	15	1.333333333	7.666666667	9.333333333	0	0.233333333	16.66666667	19.58333333	6.596666667	0.071666667	3.833333333	6.626666667	74.36666667	0	0.106666667	17.36666667	-24.002113	-48.097013
8	3	1.483333333	75	0	16.66666667	13.33333333	43.33333333	26.66666667	0	0.388888889	8.444444444	20.59333333	6.346666667	0.018333333	5.633333333	7.05	80.56666667	0	0.07	5.246666667	-24.020392	-48.112876
8	4	1.4	76.66666667	0	38.33333333	13.33333333	28.33333333	13.33333333	6.666666667	0.288888889	7.888888889	20.40333333	6.703333333	0.03	2.8	8.24	93.86666667	0	0.14	12.03333333	-24.026487	-48.096825
8	5	1.666666667	68.33333333	0	70	1.666666667	13.33333333	8.333333333	6.666666667	0.3	13.22222222	21.10333333	6.42	0.024	2.4	7.4	85.36666667	0	0.066666667	14.34666667	-24.027068	-48.094874
9	1	2.1	56.66666667	0	23.33333333	1.666666667	1.666666667	20	53.33333333	0.211111111	13.22222222	17.24666667	5.47	0.015	8.2	7.963333333	85.4	0	0.186666667	11.62333333	-23.91313	-47.623182
9	2	1.5	80	0	30	8.333333333	25	26.66666667	10	0.166666667	9	19.40666667	5.523333333	0.024666667	6.5	15.07	168.4333333	0	0.213333333	12.87666667	-23.91332	-47.624039
9	3	1.9	68.33333333	0	21.66666667	18.33333333	31.66666667	28.33333333	0	0.322222222	11.44444444	17.24	6.625	0.0155	0	10.03	107.55	0	0.11	14.55666667	-23.918303	-47.646907
9	4	2.633333333	90	0	51.66666667	20	20	0	8.333333333	0.111111111	3.666666667	17.46	6.69	0.019666667	0	9.466666667	102	0	0.136666667	45.84666667	-23.918723	-47.638556
9	5	2.533333333	76.66666667	0	13.33333333	15	11.66666667	3.333333333	56.66666667	0.388888889	22	18.88666667	5.836666667	0.014	0	8.3	91.9	0	0.113333333	8.766666667	-23.922023	-47.643956
10	1	2.1	0	0	45	21.66666667	21.66666667	11.66666667	0	0.122222222	14.66666667	21.06	6.026666667	0.09	26	7.883333333	90.86666667	0	0.123333333	26.55666667	-23.824255	-47.704118
10	2	1.433333333	77.33333333	0	33.33333333	23.33333333	28.33333333	15	0	0.111111111	4.444444444	20.01666667	6.133333333	0.121666667	0	6.34	71.73333333	0.01	0.076666667	32.18	-23.873925	-47.658671
10	3	1.016666667	70	0	25	8.333333333	15	51.66666667	0	0.3	5.555555556	17.62333333	6.453333333	0.053	10.5	8.966666667	96.9	0	0.11	11.33333333	-23.82311	-47.703485
10	4	1.9	76.66666667	0	20	11.66666667	51.66666667	16.66666667	0	0.133333333	8.555555556	17.10333333	6.49	0.050333333	0.633333333	9.02	96.46666667	0	0.123333333	10.32	-23.866841	-47.657967
10	5	2.166666667	66.66666667	5.555555556	0	8.333333333	73.33333333	1.666666667	0	0.1	3.444444444	18.21333333	6.726666667	0.056	18.1	8.1	88.53333333	0	0.14	9.546666667	-23.852731	-47.665872
11	1	1.766666667	83.33333333	0	43.33333333	11.66666667	18.33333333	10	16.66666667	0.111111111	5.444444444	17.45333333	6.533333333	0.055	10.6	9.99	107.5666667	0	0.13	16.12666667	-23.879143	-47.413642
11	2	1.833333333	85	0	33.33333333	21.66666667	36.66666667	3.333333333	5	0.133333333	9.111111111	17.66	6.196666667	0.027666667	7.233333333	8.116666667	87.8	0	0.07	18.77333333	-23.885136	-47.438803
11	3	2.1	40	0	28.33333333	3.333333333	5	33.33333333	30	0.233333333	18.33333333	22.14666667	6.34	0.038666667	25.86666667	7.803333333	91.7	0	0.133333333	32.26	-23.859013	-47.420704
11	4	1.516666667	16.66666667	0	21.66666667	13.33333333	31.66666667	26.66666667	6.666666667	0.233333333	18.55555556	22.42333333	5.786666667	0.027333333	0	6.37	75.16666667	0	0.15	62.41666667	-23.853443	-47.403977
11	5	1.433333333	80	0	45	16.66666667	36.66666667	1.666666667	0	0.233333333	5	17.76	5.745	0.02	18.95	7.41	80.3	0	0.08	13.81666667	-23.842149	-47.398559
12	1	1.52	91.66666667	0	51.66666667	31.66666667	11.66666667	5	0	0.133333333	3.888888889	18.01666667	6.426666667	0.036	1.666666667	9.263333333	100.9	0	0.07	66.18	-23.992799	-47.597442
12	2	2.233333333	11.66666667	0	46.66666667	10	13.33333333	23.33333333	6.666666667	0.211111111	18.66666667	19.03666667	5.966666667	0.033	0	8.573333333	95.23333333	0	0.113333333	31.81333333	-24.005749	-47.603826
12	3	1.933333333	90	0	36.66666667	8.333333333	8.333333333	25	21.66666667	0.177777778	14.33333333	19.05333333	6.373333333	0.031	0	9.83	109.1333333	0	0.14	41.20666667	-23.990548	-47.581924
12	4	3.466666667	93.33333333	0	40	9.333333333	10.66666667	6.666666667	33.33333333	0.155555556	18.44444444	21.44666667	6.403333333	0.031333333	0	9.01	104.6	0	0.11	35.52666667	-23.970245	-47.541764
12	5	3.266666667	98	0	35	20	30	15	0	0.244444444	9.555555556	20.64333333	5.59	0.031	6.3	7.663333333	87.66666667	0	0.186666667	45.41666667	-23.985995	-47.594541
13	1	1.55	60	0	26.66666667	18.33333333	40	11.66666667	3.333333333	0.144444444	11.33333333	18.22666667	6.176666667	0.159	6.766666667	9.183333333	100.5	0.01	0.163333333	5.31	-24.24953	-48.530887
13	2	2.266666667	78.33333333	0	16.66666667	11.66666667	50	18.33333333	3.333333333	0.244444444	7.555555556	17.76333333	6.563333333	0.057	1.433333333	10.09666667	109.4	0	0.116666667	57.66	-24.258203	-48.522483
13	3	2.066666667	80	0	30	16.66666667	45	8.333333333	0	0.133333333	12.33333333	18.12333333	7.016666667	0.147666667	3.533333333	9.183333333	100.2666667	0.01	0.136666667	6.46	-24.256028	-48.530406
13	4	4.366666667	46.66666667	0	15	5	63.33333333	6.666666667	10	0.1	37.77777778	17.4375	7.08	0.083	2.25	14.3375	154.425	0	0.105	19.23	-24.272564	-48.529396
13	5	2.8	90	0	16.66666667	20	63.33333333	0	0	0.244444444	15.11111111	18.97666667	7.76	0.326333333	8.833333333	9.603333333	106.6666667	0.02	0.106666667	11.73666667	-24.24194567	-48.52019803
14	1	1.8	75	0	48.33333333	8.333333333	16.66666667	13.33333333	13.33333333	0.1	27.66666667	17.02	7.15	0.188666667	3.766666667	7.473333333	79.8	0.01	0.103333333	12.17	-24.241216	-48.416308
14	2	1.966666667	80	0	6.666666667	13.33333333	28.33333333	38.33333333	13.33333333	0.166666667	7.666666667	17.65	7.303333333	0.070666667	16.13333333	8.99	97.23333333	0	0.103333333	13.08	-24.193468	-48.42203
14	3	1.98	85	0	10	15	45	30	0	0.222222222	11	17.615	7.25	0.1115	2.75	9.07	98	0.005	0.133333333	15.21666667	-24.164834	-48.391945
14	4	1.766666667	85	0	28.33333333	11.66666667	50	10	0	0.2	6.777777778	18.15333333	7.2	0.131	5.366666667	9.446666667	103.2	0.01	0.143333333	17.93	-24.226472	-48.425897
14	5	2.49	93.33333333	0	21.66666667	16.66666667	20	13.33333333	28.33333333	0.177777778	14.22222222	17.86	7.515	0.211	2.55	9.085	98.7	0.01	0.136666667	23.03666667	-24.23884	-48.425174
15	1	1.8	93.33333333	0	15	5	31.66666667	15	33.33333333	0.188888889	10.33333333	19.30333333	7.45	0.059666667	7.033333333	8.906666667	99.43333333	0	0.173333333	17.06	-24.230145	-48.380358
15	2	1.793333333	86.66666667	0	8.333333333	5	46.66666667	26.66666667	13.33333333	0.166666667	7.444444444	17.08333333	6.91	0.022	1.6	9.24	98.8	0	0.156666667	14.40666667	-24.230428	-48.382597
15	3	1.236666667	50	0	15	10	71.66666667	3.333333333	0	0.133333333	23.88888889	17.50333333	6.463333333	0.031	3.433333333	8.313333333	89.6	0	0.116666667	7.483333333	-24.227263	-48.389879
15	4	1.776666667	78.33333333	4.444444444	0	3.333333333	53.33333333	30	0	0.177777778	10.88888889	17.74333333	6.853333333	0.055	0	15.91333333	172.3333333	0	0.143333333	15.40666667	-24.222781	-48.355082
15	5	3.266666667	33.33333333	0	10	1.666666667	28.33333333	53.33333333	6.666666667	0.133333333	9.666666667	17.61666667	6.356666667	0.026	31.6	9.17	99.06666667	0	0.116666667	5.173333333	-24.200708	-48.370197
16	1	1.483333333	70	0	34.33333333	7.333333333	10	31.66666667	16.66666667	0.133333333	7.777777778	18.27333333	6.776666667	0.082	6.833333333	9.983333333	109.3	0	0.103333333	10.56	-24.342187	-48.65784
16	2	3.283333333	81	0	35	10	55	0	0	0.144444444	24	18.48333333	6.996666667	0.09	0	9.253333333	101.7	0	0.116666667	10.45	-24.3392549	-48.67378058
16	3	1.653333333	71.66666667	0	4	6	85	5	0	0.233333333	6.777777778	19.93333333	7.44	0.121666667	3.166666667	8.58	96.86666667	0.01	0.123333333	18.22666667	-24.302248	-48.648273
16	4	1.516666667	86.66666667	10.55555556	0	1.666666667	51.66666667	1.666666667	13.33333333	0.288888889	11.11111111	18.66	7.373333333	0.113	0	8.68	95.76666667	0.01	0.123333333	18.64333333	-24.304156	-48.652859
16	5	1.33	86.66666667	0	14.33333333	4	60	21.66666667	0	0.188888889	7.111111111	18.67	7.293333333	0.099333333	1.333333333	8.22	90.66666667	0	0.143333333	16.27333333	-24.304561	-48.663315
17	1	2.45	66.66666667	0	6.666666667	11.66666667	63.33333333	18.33333333	0	0.266666667	14.66666667	18.05	6.96	0.029333333	3.866666667	9.503333333	103.5666667	0	0.103333333	9.5	-24.234182	-48.278454
17	2	1.81	73.33333333	0	26.66666667	13.33333333	50	10	0	0.144444444	6.222222222	18	6.283333333	0.043	9.833333333	7.79	84.83333333	0	0.113333333	12.15333333	-24.237679	-48.292214
17	3	2.35	2.333333333	0	6.666666667	3.333333333	51.66666667	38.33333333	0	0.233333333	9.333333333	18.18333333	6.48	0.034	9.433333333	9.34	102.0333333	0	0.14	9.76	-24.21606427	-48.30383874
17	4	1.823333333	6	0	25	15	60	0	0	0.1	14.11111111	18.66666667	6.523333333	0.043	0	9.026666667	99.56666667	0	0.123333333	11.59333333	-24.21778125	-48.28886062
17	5	1.956666667	86.66666667	0	31.66666667	21.66666667	30	16.66666667	0	0.144444444	14.11111111	18.99666667	6.686666667	0.055	0	9.113333333	101.1666667	0	0.136666667	19.17	-24.196377	-48.288936
18	1	1.933333333	88.33333333	0	6.666666667	6.666666667	23.33333333	33.33333333	30	0.177777778	10.55555556	17.53666667	6.986666667	0.024	1.333333333	9.873333333	106.5333333	0	0.13	10.34333333	-24.270839	-48.477145
18	2	2.3	88.33333333	0	3.333333333	11.66666667	23.33333333	31.66666667	30	0.322222222	15.11111111	17.39333333	6.706666667	0.025333333	0	9.92	106.7333333	0	0.146666667	8.126666667	-24.271782	-48.477546
18	3	2.366666667	88.33333333	0	26.66666667	3	22	36.66666667	11.66666667	0.144444444	20.66666667	18.06	6.98	0.125666667	0	9.37	102.1666667	0.01	0.196666667	26.21333333	-24.315783	-48.488811
18	4	2.183333333	75	0	5	6.666666667	45	26.66666667	16.66666667	0.333333333	14	17.74666667	7.21	0.044	0	10.13	109.7	0	0.22	34.05	-24.29945	-48.47351
18	5	2.3	90	0	16.66666667	6.666666667	26.66666667	3.333333333	46.66666667	0.144444444	8.333333333	19.95	7.586666667	0.350666667	0	8.253333333	93.3	0.02	0.13	27.91	-24.309992	-48.493384
19	1	5.583333333	48.33333333	0	28.33333333	10	13.33333333	25	23.33333333	0.377777778	42.11111111	18.36666667	6.62	0.018	4.533333333	9.726666667	106.6333333	0	0.11	10.3	-24.172213	-47.962062
19	2	6.233333333	66.66666667	0	23.33333333	7.333333333	36	18.33333333	15	0.311111111	27.55555556	18.31666667	6.756666667	0.02	0	9.656666667	105.7666667	0	0.103333333	6.163333333	-24.172931	-47.983056
19	3	3	63.33333333	0	3.333333333	30	20	28.33333333	18.33333333	0.344444444	22.66666667	18.05333333	7.043333333	0.019333333	0.2	10.10333333	110.0666667	0	0.103333333	10.57	-24.164679	-47.981868
19	4	4.766666667	93.33333333	0	2	31.33333333	16.66666667	33.33333333	16.66666667	0.266666667	25.77777778	18.08	6.47	0.018	0	9.39	102.4	0	0.086666667	5.743333333	-24.157844	-47.981712
19	5	4.4	95	0	10	25	13.33333333	35	16.66666667	0.377777778	18.66666667	18.17666667	6.206666667	0.016	0	9.573333333	104.5666667	0	0.14	7.676666667	-24.142081	-47.995154
20	1	2.5	63.33333333	0	5	25	16.66666667	33.33333333	20	0.2	15	19.26	6.956666667	0.047666667	1.133333333	8.553333333	95.46666667	0	0.09	5.596	-24.364	-48.477
20	2	2.6	83.33333333	0	5	15	20	13.33333333	46.66666667	0.366666667	18.22222222	19.39333333	7.493333333	0.052666667	0.9	8.05	90	0	0.16	6.871	-24.376	-48.489
20	3	2.366666667	70	0	13.33333333	13.33333333	15	11.66666667	46.66666667	0.422222222	11.77777778	19.72	7.426666667	0.048	1.5	8.33	93.73333333	0	0.1	5.427	-24.359	-48.469
20	4	3.366666667	90	0	5	15	15	51.66666667	13.33333333	0.355555556	11.22222222	19.47333333	7.423333333	0.03	0.933333333	8.773333333	98.23333333	0	0.21	6.476	-24.352	-48.453
20	5	13	56.66666667	0	5	5	3.333333333	16.66666667	70	0.3	20.66666667	19.45	7.33	0.031	0	8.683333333	97.16666667	0	0.11	4.819	-24.338	-48.437
